Date,Battlefield 1,Battlefront: Season Pass,Civilization VI,Titanfall 2,GTA V
2016-10-30,43.89
2016-10-31,44.99
2016-11-01,44.99
2016-11-02,47.39
2016-11-03,47.39
2016-11-04,48.39
2016-11-05,48.39,37.89,41.39,39.49
2016-11-06,48.39,37.89,41.39,39.49,27.12
2016-11-07,47.39,37.89,38.9,39.49,27.12
2016-11-08,46.99,37.89,38.49,39.49,27.12
2016-11-09,46.65,37.89,37.59,38.39,27.12
2016-11-10,45.89,37.89,36.48,38.39,27.12
2016-11-11,44.99,37.89,35.98,38.39,27.12
2016-11-12,43.99,34.89,35.98,38.39,27.12
2016-11-13,43.99,34.89,36.89,38.39,27.12
2016-11-14,43.99,34.89,36.89,38.39,27.12
2016-11-15,43.99,34.89,36.29,37.49,27.12
2016-11-16,43.29,34.89,36.29,37.99,27.12
2016-11-17,42.75,33.89,36.98,35.49,27.12
2016-11-18,40.89,23.89,36.98,35.29,27.12
2016-11-19,43.33,23.89,36.98,35.29,27.12
2016-11-20,41.49,23.89,36.98,35.29,27.12
2016-11-21,40.49,23.89,36.89,34.59,27.12
2016-11-22,42.29,33.89,36.89,34.29,27.12
2016-11-23,39.89,23.99,38.45,34.29,27.12
2016-11-24,39.38,23.99,37.99,34.19,27.12
